x                : -0.6999999881
Atan(x)          : -0.6107259989
Fortran Atan(x)  : -0.6107259393
Diff             : -0.5960464478E-7

